0 1.41941755053e+29
1 7.05714845077e+44
2 5.16121247015e+34
3 3.95436645562e+44
4 3.1745493172e+21
5 2.92212626361e+41
6 3.51399793477e+43
7 2.167504708e+45
8 3.42876108214e+40
9 4.30672245576e+22
10 1.3312636132e+19
11 1152432.75391
12 5.87347101951e+41
13 8.88448839848e+35
14 1.05084418494e+34
15 8.03765143156e+16
16 4.92603625329e+35
17 2.81540289747e+34
18 485788701486.0
19 2.33015196953e+30
20 9.54197215895e+29
21 417296.986506
22 1.4064770845e+44
23 317902192846.0
24 384340299.862
25 0.109568877407
26 5.38920991868e+44
27 4.44967685771e+31
28 1.78688442179e+23
29 80432563355.1
30 3.6652563599
31 49097238.6876
32 1.92791697685e+22
33 3.38094430635e+26
34 4.41200365843e+36
35 1.1403111923e+35
36 1.60818792814e+31
37 6.02539215454e+37
38 6.67718406943e+29
39 2.10977216849e+39
40 8455.18031699
41 317129524067.0
42 1.61648946248e+26
43 5.96357098929e+30
44 1.93472005588e+35
45 1.02543618303e+40
46 0.000282691382077
47 2.06559859707e+22
48 3.32364799342e+23
49 1.57681527533e+14
50 5.66316481967e+28
51 1.57921395819e+14
52 5.11373608872e-05
53 2.25897767134e+28
54 1.82370875035e+24
55 9.8002047966e+25
56 6.18179298416
57 3.28753328942e+19
58 2.86047087775e+14
59 11236.3303035
60 3.57157968034e+16
61 5.9437448197
62 1.68084162571e+29
63 200706619388.0
64 1.35066852068e+27
65 239.192076672
66 1.95822889605e-05
67 58286460506.4
68 74410.6840302
69 4.42177825823e+27
70 1.91393532287e+23
71 2.15495725266e+14
72 9.35284004436e+44
73 6.11768398404e+19
74 79.1995561547
75 1.26756212867e+14
76 1.29095123733e+33
77 4724940.44806
78 4049.53578246
79 7.65322543189e+22
80 772186.72817
81 815.964459234
82 4.31442346812e+34
83 5.84595062437e+41
84 1.30937459357e+34
85 4128917875.46
86 1.0497902144e+30
87 2.88713478302e+20
88 1.11058541411e+36
89 1.31045231207e+34
90 9.55234290614e+43
91 1.60847718685e+40
92 5.3460110276e+43
93 10.4770149458
94 6.33130480721e+15
95 8.68464654731e+19
96 267.914560532
97 3.94663485818e+30
98 1.7937308739e+33
99 3.5189161664e+31
100 3.25417997867e+15
101 2.52340725278e+14
102 1.26602108394e+16
103 4.44520643641e+12
104 98636.89674
105 0.0155600701792
106 5.53643506746e+16
107 161107.877685
108 3.0847134842e+43
109 88291172530.3
110 2.25599242412e+37
111 9.34007870533e+29
112 32807776.4458
113 7.48741585753e+18
114 7.40166198953e+29
115 0.00135177292415
116 0.000472574174889
117 1.24176637858e+41
118 4.27989133572e+19
119 5.7883906773e+23
120 3.52868639317e+12
121 4.24067804649e+21
122 36680.0730764
123 3.82005580002e+35
124 9.89808118569e+28
125 184749949.13
126 3.95058100712e+36
127 6.54557467086e+32
128 7.54690083005e-06
129 26.154742011
130 7.9702133077e+33
131 74357046.3118
132 3.16906604023e+38
133 5162.40030737
134 1.54021659412e+27
135 7.83525832047e+42
136 6.66559033379e+37
137 78929.4686189
138 3.08322108896e+29
139 0.000114133715164
140 9.99455532914e+32
141 0.00205430872575
142 2.27841014419e+34
143 10171967.5434
144 1.79784336591e+17
145 49555812.1569
146 5.34077609469e+35
147 5.79397831445e+12
148 1.3544443744e+18
149 8.98032655242e+18
150 7.32216599185e+29
151 692019.960557
152 145870.420561
153 2.96684278429e+21
154 3.55612088559e+25
155 7.5872005143e+16
156 2.49573853455e+19
157 4.31815012797e+39
158 1.42888053405e+15
159 5.23685997997e+15
160 0.016295808827
161 0.000106621867455
162 7.59902615041e+29
163 7.8103936856e+20
164 4.19434613917e+22
165 0.00147194494021
166 3.6903301839e+36
167 1.92101488418e+42
168 2585063.66338
169 102011846.107
170 3.18998739101
171 1.97726096783e+36
172 1.61665935553e+37
173 2.19989446243e+14
174 1.98488230439e+27
175 4.16091999349e+19
176 22288081.5279
177 1.9935880899e+19
178 3.47974536526e+17
179 164.709093632
180 1.40760614997e+29
181 4.42956784818e+12
182 1.69918661443e+17
183 2.76260988343e+23
184 4.43274476603e+23
185 296932249.292
186 2746411170.45
187 86502372368.8
188 2.97792582701e+41
189 5.36772916136e+42
190 3.62499427958e+15
191 2.86302021793e+30
192 1.81576343017e+40
193 1.29505358688e+19
194 219601438.224
195 2.57794497672e+22
196 3.3541951841e+41
197 1.76899449484e+14
198 1.19609662256e+29
199 4.51723402943e+28
200 0.0398683470065
201 4676113.78159
202 2.52281449365e+17
203 260009086225.0
204 1.57256488347e+19
205 2.09447451134e+20
206 3.82285017246e+44
207 5.95591582549e+36
208 3.97850089999e+36
209 9.20411820314e+26
210 8.36030969961e+41
211 2.53045603745e-05
212 1.23000508132e+12
213 4.49526343866e+23
214 8.38870441684e+19
215 36163067920.3
216 4.34338476257e+29
217 1.74941737193e+18
218 7.41509427578e+21
219 4.1395098948e+33
220 1.5403088143e+41
221 1.9515884595e+34
222 5.77435575135e+30
223 0.162081520184
224 426.083507013
225 1.38053249216e+41
226 472258088.649
227 0.000489967130839
228 2.25835452686e+29
229 905299.908859
230 31.5259307997
231 1.09274979421e+41
232 4.6479479181e+28
233 2.30137218018e+33
234 0.00726142762696
235 4.17687151096e+42
236 0.102913788782
237 269.08968493
238 517436092.181
239 2.58756440295e+44
240 1.35355726472e+18
241 0.300396241783
242 2035726.17664
243 0.257593628114
244 4.26729684437e+36
245 1.17844178529e+25
246 7.79298924833e+18
247 4.17783221049e-05
248 2.61597373364e+33
249 0.000445458582169
250 5.89774033707e+25
251 106.180541777
252 4.28502013381e+33
253 5.42558757351e+12
254 2409280281.54
255 5.79546570658e+40
256 7.4396079763e+16
257 431.362435289
258 0.0460496709937
259 2.77808293892e+25
260 0.00216991619713
261 4.86453151262e+28
262 0.185409151724
263 6.19863791957e+34
264 2.18479888544e+34
265 2.47602267692e+40
266 7.27489117002e+40
267 3.16809566512e+15
268 2.44432070939e+32
269 2.20290854747
270 5.71215870231e+41
271 1.35415553586e+23
272 7.70426602039e+20
273 617152375478.0
274 27418907.1006
275 22159.2492545
276 6.16681618496e+23
277 7.71255195687e+22
278 7.256019404e+16
279 1.71440286984e+30
280 1.06666642274e+21
281 7.75021664055e+40
282 1.31366321268
283 9.84245012526e+19
284 7.71888575962e+26
285 87230.3394319
286 2.2115105835e+38
287 3.05465280507e+38
288 33765049.5544
289 2.10353730427e+16
290 3.68924571693e+35
291 1.54887019401e+42
292 4521142545.27
293 5.23426082908e+22
294 3457453.78302
295 3.33332547607e+25
296 4.33478461704e+33
297 1099.95019199
298 9.48669190172e+29
299 0.00352552068089
300 3.00944065849e+22
301 886305669.095
302 1.25197636703e+41
303 1.17994585745e+21
304 7.93325285904e+38
305 1.0828404527e+41
306 1392806894.23
307 1.56092885635e+33
308 1.43104555838e+16
309 0.290950946482
310 1.02631874557e+13
311 6.85089018724e+33
312 4.08096767062e+20
313 9.81229682363e-05
314 4.12677339854e-05
315 455694254.439
316 15031.902405
317 7.95418922787e+32
318 0.151016774267
319 3.11463689591e+32
320 736.993327464
321 2.03776940595e+34
322 0.0256789152187
323 29.3748896856
324 5.30293510642e+25
325 6.75379746995e+25
326 4353.17261087
327 4.97811246929e+25
328 6.36802286703e+34
329 3.04093155298e+28
330 212.054174733
331 5.30394191582e+22
332 4.74134146342e+33
333 2372702834.88
334 0.12127207055
335 576.615192645
336 28779291.1977
337 2.31096411221e+38
338 1113168646.08
339 155490528.811
340 2.52468301778e+20
341 6.606230607e+19
342 1.74268091652e+29
343 0.00201346469767
344 2.88001024753e+18
345 30710726.1991
346 157446.552881
347 1182960002.15
348 3.39375016274e+38
349 13.7426893881
350 3.59278653233e+28
351 3.86416573392e+22
352 43325266.9166
353 0.000255700539793
354 5.37034835419e+19
355 1.54297596529e+40
356 3.42850678409e+36
357 1.98726723059
358 6.09997945612e+39
359 5.99814989563e+44
360 4.19008058783e+44
361 506047982.342
362 7.56493166209e-05
363 5.583886925e+15
364 142212934.697
365 2.91225040436e+40
366 4.05656812096e+42
367 2.12683398858e+25
368 5.92287848658e+12
369 5.4756923561e+33
370 1.16628361313e+43
371 2.33284350054e+29
372 4.56587013463e+28
373 1.07451010999e+14
374 7.33124387993e+16
375 28763.6452034
376 2949790.31088
377 3.14925146501
378 2.47967303057e+45
379 4.15182152822e+18
380 1.93306103227e+31
381 91120682.9098
382 2.24108265614e-05
383 1.74026199921e+12
384 0.206344358544
385 2.23110617034e+38
386 1104328.53454
387 2.29210247536e-05
388 1.59239062297e+33
389 6.83527990293e+32
390 306090.633714
391 3.50811681423e+25
392 6.42455072649e+24
393 0.00608846095753
394 29.707953215
395 1.06670639174e+25
396 1.99385417325e+42
397 0.000892331464069
398 2.0682614936e+21
399 0.00749231883981
400 1.36441576889e+40
401 1.6390691397e+27
402 8.37060982603e+32
403 0.000161759433264
404 3.28687386581e+37
405 2.45528278897e+35
406 48756.6993397
407 2.62898054518e+18
408 8.52641016988e+31
409 1.76295388166e+26
410 6.32606556509e+38
411 1.82426254892e+14
412 1.02552111919e+31
413 2.24528639855e+25
414 2.20769457182e+34
415 2243953792.34
416 3.45541902223e+34
417 2.53719802655e+25
418 2.55348601231e+18
419 1.99469910822e+39
420 5.23237815505e+37
421 1.02055713572e+45
422 3.64288752892e+26
423 1.04019721623e+29
424 186.585356979
425 0.0109310833179
426 2.56165435596e+29
427 1.73687932704e-05
428 0.000107362838405
429 238644945064.0
430 5.95364768647e+43
431 0.000241078179292
432 774486210.093
433 3.16025638728e+12
434 1.67689084727e+38
435 30.0970722253
436 3.84952625119e+17
437 8.88168736107e+35
438 47.8360239278
439 3507.32568988
440 4.11381908945e+35
441 5.37886116785e+23
442 0.0113218821722
443 5.44778245569e+41
444 8.07505291522e+15
445 6.80192898071e+20
446 9.85293650124e+25
447 0.00431059938386
448 0.00077546407068
449 1212.85806646
450 57041779.7473
451 4.81017041916e+29
452 6.60456025986e+32
453 1268519146.52
454 4.53700698112e+35
455 436.357753671
456 5.01346412637e+36
457 2.17397479155e+13
458 2.48365895494e+41
459 6.76710323928e+41
460 1.36386433085e+17
461 3.23690818164e+33
462 1.07280017587e+30
463 10419265.4974
464 3.1082442798e+12
465 4.40923165573e+18
466 1.06585839669e+30
467 9.49781400673e+23
468 1.42779131733e+33
469 2.0629682792e+12
470 1.81694630225e+41
471 3.42974786108e+30
472 2.89085996731e+44
473 1.147466501e+43
474 3.7664235122e+12
475 2.23645160912e+42
476 4.41477778874e+38
477 664317.216161
478 8.73042396049e+41
479 3.11089177399e-05
480 1.93552706423e+25
481 4149186.67266
482 980397144320.0
483 327736105417.0
484 88817.3218732
485 2.72795556179e-05
486 2.46487268292e+40
487 1.13179063747e+25
488 2.29411118538e+15
489 5.44321220481e+27
490 3.5965179538e+44
491 0.000600836422045
492 0.861004361176
493 0.0010041083538
494 30127773.1156
495 2.50805829554e+19
496 7.34299563361e+29
497 1.39352517162e+24
498 0.0017742129756
499 967224802.423
500 1.35081222273e+42
501 8.80655476573e+42
502 5.13831751932e+20
503 4.26438962883e+20
504 2.44190296832e+22
505 102.044916756
506 1.31534774912e+31
507 1.53592450045e+18
508 6.23503751697e+23
509 9.90854404061e+41
510 2.13406076937e+29
511 342542859539.0
512 9.42313029926e+23
513 2884131.84404
514 9.38745184268e+22
515 2.23419466024e+12
516 3.96319017413e+39
517 8.93830484098e+15
518 0.289681974092
519 6.56858621942e+26
520 8.62914753946e+18
521 2.33231477663e+28
522 1.39880839764
523 1.01897680727e+36
524 2.63193763038e+26
525 8.00780014086e+13
526 8.47638574014e+30
527 1.05963537128e+19
528 1.847403985e+12
529 7.14598516007e-06
530 3.05833440396e+31
531 3.96996295769e+27
532 2.35940058947e+31
533 0.000368403628748
534 19179485863.6
535 2.44252898169e+24
536 2.22007339401e+40
537 1.17831466873e+21
538 1.59734916517e+22
539 6.93753519878e+12
540 1.26555811239e+33
541 1.51530421195e+36
542 1.34524491527e+22
543 3.67664646487e+37
544 3.29172799991e+26
545 374029473.62
546 2.57364562147e+41
547 1.87833567809e+22
548 0.000955632071986
549 2.9637691572
550 3.43504830416e+24
551 4.24556234309
552 3.54981085799e+32
553 3.17405373485e+31
554 2.46035728635e+34
555 8.98647757004e+14
556 1.47616152306e+37
557 78259199531.3
558 1096475011.57
559 5.86121993613e+12
560 2.52700750903e+43
561 7.41240353231e+34
562 5.29643257814e+27
563 1.67358333469e+43
564 4.55761528894e+32
565 1.68378581033e+38
566 0.000335391717651
567 57348843.96
568 2.36182437133e+28
569 12.3874375703
570 7.32872216787e+19
571 793397.546109
572 9842911.95932
573 9879.96259498
574 199835241.915
575 2.2524653816e+24
576 1.13361274828e+14
577 1.65860473715e+14
578 1.01201939724e+33
579 2.44870080412e+44
580 2771.5674462
581 7.39989670674
582 2.56053856212e+29
583 7785067.75452
584 2.89021810418e+12
585 114.571833406
586 4060298608.6
587 1275609403.42
588 1.89685321735e+17
589 8.31648290581e+24
590 337276669223.0
591 1.18133061229e+38
592 133960086806.0
593 0.776575671827
594 2.80876514655e+38
595 0.000475935965849
596 3.22546650093e+25
597 0.0280089745982
598 6.76068861608e+32
599 6.91437539881e+30
600 1.58937142845e+13
601 2.20041113554e+19
602 1.23902153713e+37
603 3.16480965927e+29
604 3.34187367708e+24
605 2.36944129168
606 1.20710443194e+34
607 1.38941957481e+36
608 116723641.089
609 15343933.9241
610 2.97427543005
611 4.10556749957e-05
612 3.98710329413e+37
613 0.00473341616558
614 2.13178813449e+13
615 3.94720121352e+16
616 8.75362898862e+32
617 208.051504068
618 0.0729433087025
619 1.69921711269e+36
620 0.000336601043854
621 1.93494655287e+34
622 942832619.204
623 6.06397319937e+33
624 1.22038302891e+40
625 3.54753546687e+38
626 5.54913051604e+23
627 2.44901966402e+34
628 3649590.77131
629 1.53959159985
630 103.970107237
631 2794848185.69
632 2.324352837e+35
633 280475.942796
634 2.00195927736e+33
635 3.8193260087e+36
636 2.56395687124e+20
637 1.13231827011e+22
638 2.77252391214e+23
639 0.00194945260893
640 0.140036889474
641 7493356.7268
642 7.94355587607e+32
643 1.41184995962e+16
644 14.7745033579
645 5694367963.87
646 1.63084873745e+40
647 1.64773532067e+24
648 0.00326418606761
649 8.42566561406e+13
650 721027336.102
651 1.18306219686e+27
652 1.98029277073e+15
653 1.8644878218e+22
654 6.26036622041e+26
655 5.93807749392e+30
656 1.5677394025e+41
657 1.54764954006e+36
658 199422865290.0
659 3.39262117489e-05
660 0.0128253793134
661 107422880.874
662 8.60253207693e+19
663 3984.78604637
664 3.40881162958e+38
665 0.679920394435
666 7101455199.86
667 1.23445621113e+20
668 1.82929987579e+38
669 1994701.88363
670 27510153.8131
671 311327101851.0
672 2.03168198673e+27
673 4.31929695591e+44
674 1.54840804377e+41
675 2.74387465522e+36
676 2.84744637931e+39
677 25054.3016053
678 7.3200609761e+21
679 7.93808684231e+44
680 4.07212843418e+42
681 17566770.3623
682 4.05666757429e+23
683 113792.064901
684 4.44149633281e+18
685 5016.34935321
686 1.69886839322e+31
687 8.46611619232e+30
688 8.52202057611e+40
689 9.07190568112e+43
690 5.70761002085e+15
691 0.14892893459
692 1.07931546852e+35
693 5.08890089452e+37
694 2.35789858515e-05
695 6.15730027915e+38
696 0.00554956852016
697 1.62093247838e+43
698 2.62684337145e+14
699 9.99460042428e+44
700 2.91176380153e+33
701 4.14256584962e+30
702 0.000285882888461
703 5.31981934712e+27
704 133518014896.0
705 0.00019610446313
706 2.4706950655e+26
707 1.81099549172e+38
708 3.26977997076e+38
709 273.458367728
710 2.86147536324e+24
711 1.4913040296e+31
712 2.21198202668e+20
713 8.59430679164e+19
714 1.46788605964e+30
715 5.79692203594e+38
716 4.22073113192e+43
717 3.4080855256e+14
718 2140640.26943
719 0.157491461242
720 1.19784629526e+33
721 7.28110761915e+35
722 1.5168016501e+13
723 4.70846054928e+26
724 2.65662856883e+13
725 5.18334560518e+35
726 1.03314977611e+33
727 7.73663120616e+30
728 5.17298175378e+41
729 1.10500724385e+17
730 14676.1931835
731 2.98973522633
732 1.75784004884e-05
733 0.000294498936434
734 1.70591294005e+34
735 1.5063042462e+13
736 600318778.06
737 1.99448678411e+40
738 404133.310001
739 1212.20420171
740 315376.421135
741 4521946.39335
742 1.58601237508e+31
743 30918193.0337
744 2.5819370358e+35
745 42950181.2636
746 1.95688060963e+19
747 0.139975911175
748 1.47121301975e+26
749 215206880.8
750 2.58859068201e+15
751 5.03689933778e+25
752 6.12345595654e+15
753 0.0293581935457
754 5.59830313952e+24
755 2505.71536228
756 1.67704878973e+33
757 1.24176802205e+28
758 1.34700253754e+42
759 1.11740729572e+44
760 5.69784113492e+20
761 5.08631201779e+15
762 8.71887809871e+37
763 1.31818441696e+20
764 4.11106674973e+21
765 3.16017411511e+19
766 4.02801286837e+19
767 5.34091776719e+16
768 1.26400440765e+17
769 1.10949570933e+17
770 103855.508357
771 3.73635642244e+13
772 2.24681454544e+25
773 3.68291918287e+36
774 38.985193403
775 2.01434667159e+42
776 400220625839.0
777 1.1033224159e+25
778 107.824045552
779 45427.011736
780 5304875067.6
781 7.35927237449e+14
782 9.55155405037e+30
783 6.62049671696e+24
784 5.73886836112e+44
785 1.16177779002e+32
786 201.344414725
787 72695691048.6
788 5920267330.65
789 0.00727459028697
790 1.06724785815e+22
791 6.80824663994e+26
792 1.87898411018e+23
793 1.90440284392e+19
794 1.4861488314e+16
795 95431277.1762
796 1957021.76919
797 602.760067299
798 7.03307389015e-05
799 1.4584511531e+42
800 0.0163797560503
801 3.62332924833e+34
802 2.2668338603e+33
803 6.51508629612e+40
804 9.67383540488e+26
805 1214.99108622
806 1.20847772855e+38
807 1.23114634835e+38
808 1.0180295739e+18
809 19667305.6143
810 49414529.8514
811 3.96379212303e+36
812 4.54197102471e+34
813 1.16720455589e+35
814 77013572755.6
815 1.22768740408e+25
816 8.74372777327e+21
817 3.76311897535e+30
818 1.02798948948e+36
819 4.83226216523e+35
820 1741152098.8
821 1545075.8781
822 17963565745.0
823 7.36883434098
824 7.32437878167e+35
825 9983.2119046
826 9.29708309178e+14
827 7.70068566168e-05
828 2.41177116802e+36
829 11287301.7779
830 2.7613004724e+26
831 91070796584.8
832 59708451377.2
833 3973846285.4
834 2.67125284396e+28
835 1.59939327315e+23
836 9.41476111303e+36
837 2.29580675623e+26
838 0.00698829775123
839 1.26170183117e+26
840 1589.44545754
841 21121.7923459
842 99227.8058442
843 3.53963032733e+19
844 1.75261688153e+43
845 5.55331293285e+19
846 5.4761803882e+33
847 9.61195886562e+33
848 2.0325841511e+18
849 0.287954368329
850 4.79622166107e+42
851 25887690461.6
852 1.74082258065e+40
853 0.140890430568
854 19733250.0965
855 1202.00344153
856 1.58572908841e+21
857 1004.44757799
858 2.74349003291e+18
859 6.28804581185e+33
860 17107.196489
861 0.000475854973093
862 7.25216332303e+12
863 0.139728766532
864 2.05465777341e+25
865 3.70324168784e+25
866 65680.1666231
867 2.33159266233e+27
868 3.63270836591e+31
869 8.20668415956e+30
870 5.61449910371e+19
871 3.33005425719e+25
872 161828346.789
873 9.18335783931e+26
874 3.12577968507e+12
875 4.99918767101e+27
876 1.87725709194e+12
877 1.039585437e+14
878 14001760884.2
879 3.8868880061e+28
880 7.33923176921e+34
881 1.08223625492e+26
882 5.72486281487e+27
883 8.88556866623e+35
884 5.92963265714e+28
885 7.53469793742e-05
886 1.85575280526e+24
887 25338949.4055
888 4.89865758619e+25
889 5.98436193535e+29
890 1.12039012558e+21
891 5.95143581023e+26
892 5.19656220148e+17
893 19386762695.4
894 2.43315701003e+43
895 1.38611076714e+44
896 169418149775.0
897 3.76494203718e+19
898 36163071.5138
899 1.50220717294e+16
900 5.88533998626e+15
901 0.817431200048
902 1.92258990112e+31
903 3.79846940472e+19
904 6.89160417194e+34
905 7.31006979014e+26
906 2.14278708976e+27
907 6.53640693132e+22
908 5.38323987127e+13
909 291268641.592
910 5.72033136494e+20
911 4.74770396687e+43
912 2.23446406489e+45
913 6.04824517257e+37
914 2.55128671717e-05
915 1.48746260403e+17
916 4.89563782477
917 9.4859626835e+31
918 3.05800554373e+41
919 207905.275178
920 2.2106416677e+41
921 1.75953822598e+37
922 2.13926561299e+34
923 76.2100792123
924 2.60257451526e+30
925 7.07821097575e+29
926 343750.212429
927 15397981.2503
928 4.29308051035e+23
929 138623.647364
930 0.438248670222
931 109378.985673
932 9.93647411226e+35
933 7.62219037457e+18
934 2.55787145697e+12
935 10690825270.2
936 9.97988841074e+14
937 1.93621815161e+25
938 1428276.92182
939 8.40589108186e+15
940 1.88859871023e+37
941 5.10874476131e+24
942 6.87841765136e+22
943 0.281443902904
944 8573494476.31
945 0.00550691608976
946 0.00132832062637
947 9.20555389685e+23
948 6.71695132653e+20
949 4.08548698311e+28
950 1.96602523436e+38
951 0.0157284314674
952 1.65695530366e+39
953 3.37422506328e+36
954 8.51375083631e+39
955 2.7430807668e+17
956 8.59808965559e+26
957 7.71195527589e+39
958 12.7512641764
959 1.17039822163e+23
960 4.69544804949e+30
961 11152.9876756
962 1.12339270397e+12
963 2.97570837385e+44
964 6.01673358794e+22
965 8.68640888106e+40
966 1.77875971441e+24
967 7.29023600138e+37
968 147.292801396
969 4.59220980704e+21
970 1.20195529811e+17
971 1.95025385838e+39
972 59.7971288732
973 4.45473227483e+19
974 8.64094275549e+40
975 4.399895786e+30
976 1.33764825217e+24
977 123007221922.0
978 1.37758797005e+14
979 3.30861761267e+34
980 2.86987268819e+33
981 9.28822391355e+14
982 2.32393385633e-05
983 7293.44938042
984 5.98782499065e+36
985 1.85683230805e+33
986 0.000977166677787
987 8.89026578508e+20
988 6.83758843915e+22
989 6.46572714173e+38
990 3345000594.17
991 6.24334590131e+15
992 1.17071271754e+15
993 8.41180160103e+17
994 1.45337550202
995 660094220.745
996 6.00586590606e+17
997 4.91620193128e+15
998 5.87069256474e+40
999 1.82370532594e+20
